unique_patient_id
3694580
10313410
10572016
10394576
10540676
4283808
9661538
3901370
10132016
2449050
3053229
10650793
10221437
1958171
10425999
3802558
2474481
10179200
2672789
4686396
2476070
9510228
10544652
4489362
3349044
1792181
3940040
4676630
4776411
10445492
2749913
10184261
3365646
9899101
3911328
10167480
10303214
3925268
10454621
10314763
9833597
2714026
1962473
4595414
3432240
4331298
3990607
10721382
9836873
1769003
4555215
4498372
10109928
2830778
10462297
9902329
4500406
3619835
10896188
9658756
9953356
10657837
4046030
9879970
9866672
10759836
4967754
10209582
1543635
1765721
4841133
2736110
10645400
10109875
2504489
10181063
9712959
9792974
10183201
9871468
10095759
4852529
3380532
9379381
4163960
10861390
6673375
4550262
4724217
4996347
9580008
9643896
2760688
10300599
10365152
4054620
10490624
3494123
10099111
10233612
10111164
1851745
10559844
3515335
4087478
4554648
2792602
10222234
10146552
10939304
10626606
9980003
10625382
4259920
3156090
10875317
10158388
4039309
10215107
4818215
10865357
3362330
1844870
3556313
3362632
9586487
