accession_number,serial_number
904167873.0,1.0
2006384806.0,2.0
2107277410.0,3.0
806201012.0,4.0
1801066159.0,5.0
1905148829.0,6.0
2001290430.0,7.0
2201156223.0,8.0
1405010526.0,9.0
2009239547.0,10.0
1708153884.0,11.0
1808064231.0,12.0
2110499669.0,13.0
1312054572.0,14.0
1607167914.0,15.0
1005252441.0,16.0
510051542.0,17.0
2012176360.0,18.0
1604238277.0,19.0
1702250126.0,20.0
1809079383.0,21.0
801050911.0,22.0
808029911.0,23.0
2107425370.0,24.0
2209084994.0,25.0
1009021431.0,26.0
1004145455.0,27.0
1501205386.0,28.0
1809299685.0,29.0
2001174958.0,30.0
1401021136.0,31.0
1111056704.0,32.0
,33.0
1612242307.0,34.0
1212259697.0,35.0
1801257002.0,36.0
1708140898.0,37.0
1604333329.0,38.0
901037625.0,39.0
,40.0
2101324836.0,41.0
2009341805.0,42.0
2108122307.0,43.0
2102124658.0,44.0
908045745.0,45.0
1209048626.0,46.0
811079496.0,47.0
2202320684.0,48.0
1801091705.0,49.0
1501121830.0,50.0
1402053865.0,51.0
1903408099.0,52.0
2109048864.0,53.0
1307122796.0,54.0
1202124241.0,55.0
1802025048.0,57.0
1902088637.0,58.0
,59.0
912186418.0,60.0
2010312132.0,61.0
2201007120.0,62.0
2209108785.0,63.0
1010042422.0,64.0
1010046385.0,64.0
1012279575.0,65.0
1012281801.0,65.0
1102206239.0,66.0
1609020385.0,67.0
1709404053.0,68.0
1808028184.0,69.0
1907442881.0,70.0
2101384927.0,71.0
1708084681.0,72.0
1108174362.0,73.0
1605166614.0,74.0
1212259066.0,75.0
1401182137.0,76.0
1004052476.0,77.0
1004042904.0,77.0
1512056243.0,78.0
1601272456.0,79.0
804009736.0,80.0
804021389.0,81.0
1704065099.0,82.0
,83.0
910056820.0,84.0
910084270.0,85.0
1803035563.0,86.0
1901129495.0,87.0
1912468755.0,88.0
812014436.0,89.0
1302200776.0,90.0
1706084038.0,91.0
1805213954.0,92.0
1902052937.0,93.0
2202203878.0,94.0
1112137826.0,95.0
1512407116.0,96.0
1506116892.0,97.0
1712409512.0,98.0
1902296613.0,99.0
1603297396.0,100.0
1406081981.0,101.0
1608165493.0,102.0
605073905.0,103.0
1306027358.0,104.0
1306024233.0,104.0
1010088915.0,105.0
907038205.0,106.0
712128509.0,107.0
1405178592.0,108.0
1404046521.0,109.0
801222254.0,110.0
1401088922.0,111.0
1010053011.0,112.0
2012331497.0,113.0
2006030026.0,114.0
1711262784.0,115.0
1902034061.0,116.0
1009071457.0,117.0
1507099078.0,118.0
910039209.0,119.0
2112459561.0,120.0
808078921.0,121.0
1804277051.0,122.0
1804263977.0,122.0
1005036886.0,123.0
1005030941.0,123.0
1003223543.0,124.0
1003228728.0,124.0
1308093006.0,125.0
1703284410.0,126.0
1806205512.0,127.0
1808222484.0,128.0
1809177361.0,129.0
1908430636.0,130.0
2105224292.0,131.0
2108170927.0,132.0
1402253811.0,133.0
1505307047.0,134.0
,136.0
911114231.0,135.0
1803411724.0,137.0
511071597.0,138.0
910094577.0,139.0
1008026670.0,140.0
1203217380.0,141.0
907196678.0,142.0
1706288600.0,143.0
607078301.0,144.0
1709029767.0,145.0
1807391735.0,146.0
1912320366.0,147.0
1108052851.0,148.0
1109262388.0,149.0
1608244613.0,150.0
1708086356.0,151.0
1808124912.0,152.0
1501026279.0,153.0
1005030947.0,154.0
1408115452.0,155.0
1601237069.0,156.0
1810146120.0,157.0
901100022.0,158.0
1109057110.0,159.0
1110262624.0,160.0
1707316634.0,161.0
1808064232.0,162.0
1501255679.0,163.0
1103270306.0,165.0
,164.0
,166.0
,167.0
1212132574.0,168.0
1403284819.0,169.0
1403283409.0,169.0
1702037584.0,170.0
1804013912.0,171.0
1301222967.0,172.0
1910082118.0,173.0
1604116139.0,174.0
1010175829.0,175.0
1608148715.0,176.0
1802049413.0,177.0
1210177437.0,178.0
1610148951.0,179.0
1705289109.0,180.0
1907297359.0,181.0
1603158587.0,182.0
1707370298.0,183.0
1006206480.0,184.0
1407049789.0,185.0
1510116394.0,186.0
802059122.0,187.0
803121665.0,188.0
,189.0
912148323.0,190.0
906227954.0,191.0
908129965.0,192.0
1107004309.0,193.0
1609096480.0,194.0
,195.0
910094575.0,196.0
1512266241.0,197.0
1612314180.0,198.0
1303067738.0,199.0
1907398908.0,200.0
1709221392.0,201.0
1805255741.0,202.0
1206164491.0,203.0
1205276470.0,204.0
1508095767.0,205.0
1307276706.0,206.0
1202148029.0,207.0
1701099241.0,208.0
1801153339.0,209.0
712012869.0,210.0
1012129863.0,211.0
1011166490.0,212.0
2003348702.0,213.0
1707272286.0,214.0
2007018848.0,215.0
2006341353.0,216.0
1905012560.0,217.0
1807169176.0,218.0
1609179881.0,219.0
1710007464.0,220.0
1801199337.0,221.0
1802148104.0,222.0
2108144760.0,223.0
611176479.0,224.0
2103464829.0,225.0
2103004503.0,226.0
2111159320.0,227.0
1212194151.0,228.0
1709125932.0,229.0
1305175467.0,230.0
1601190641.0,231.0
1804009647.0,232.0
1612040299.0,233.0
1704201298.0,234.0
1502226501.0,235.0
907186834.0,236.0
1302200364.0,237.0
1908001681.0,238.0
1011155887.0,239.0
1102047146.0,240.0
1610094854.0,241.0
2205334727.0,242.0
1012075135.0,243.0
1203052683.0,244.0
1008053307.0,245.0
1211069845.0,246.0
1907009487.0,247.0
2008087493.0,248.0
2201101139.0,249.0
1610193126.0,250.0
1805345114.0,251.0
1805354504.0,251.0
601039638.0,252.0
1805111652.0,253.0
1901236441.0,254.0
2001060594.0,255.0
1412328395.0,256.0
1412326916.0,256.0
1907442878.0,257.0
1702113469.0,258.0
1709033485.0,259.0
2111027585.0,260.0
1509250364.0,261.0
1608059142.0,262.0
1710080452.0,263.0
1901127470.0,264.0
1705305489.0,265.0
1903185329.0,266.0
907110706.0,267.0
907156705.0,268.0
2102331984.0,269.0
2207345661.0,270.0
1810093353.0,271.0
1905063889.0,272.0
1906015274.0,273.0
2101345487.0,274.0
1101228021.0,275.0
1901127484.0,276.0
1901280513.0,277.0
2105114274.0,278.0
805121194.0,279.0
805130339.0,280.0
,281.0
1312279319.0,282.0
909086903.0,283.0
,284.0
1201188216.0,285.0
1801051133.0,286.0
1512145881.0,287.0
602134152.0,288.0
1505180616.0,289.0
910240352.0,290.0
1606023557.0,291.0
1804171575.0,292.0
801116613.0,293.0
1701284047.0,294.0
1203062041.0,295.0
908103483.0,296.0
909197022.0,297.0
911070796.0,298.0
1104240762.0,299.0
1112127224.0,300.0
1112250189.0,301.0
1207035732.0,302.0
1207146577.0,303.0
1602199550.0,304.0
2108242351.0,305.0
1007086897.0,306.0
1907228509.0,307.0
1907230574.0,307.0
1810192490.0,308.0
,309.0
,310.0
1305181007.0,311.0
1811139467.0,312.0
1811128855.0,312.0
2001347259.0,313.0
2001357925.0,313.0
2103297901.0,314.0
2103294687.0,314.0
2202055205.0,315.0
2106427640.0,316.0
1409065957.0,317.0
1604026673.0,318.0
1801401314.0,319.0
2012419392.0,320.0
1106063550.0,321.0
1212246264.0,322.0
1603244615.0,323.0
1807213427.0,324.0
1102059845.0,325.0
2201156181.0,326.0
,327.0
2112493377.0,328.0
1211003449.0,329.0
1505235115.0,330.0
1510042197.0,331.0
1712409546.0,332.0
1908336928.0,333.0
2103043299.0,334.0
805025796.0,335.0
1301048222.0,336.0
1802274162.0,337.0
1901236429.0,338.0
2012001397.0,339.0
902076720.0,340.0
907020769.0,341.0
2005121338.0,342.0
1901236427.0,343.0
2001027573.0,344.0
2101261790.0,345.0
2203074827.0,346.0
1208095361.0,347.0
1707318303.0,348.0
1907073030.0,349.0
1602236671.0,350.0
1808430302.0,351.0
1908425666.0,352.0
2009362977.0,353.0
2109102139.0,354.0
1201163465.0,355.0
1302125171.0,356.0
1106133039.0,357.0
908139521.0,358.0
2207164302.0,359.0
1403241826.0,360.0
1509161863.0,361.0
1509158746.0,361.0
1610152435.0,362.0
2101384921.0,363.0
1512264847.0,364.0
908128786.0,365.0
2012001402.0,366.0
1504232905.0,367.0
1511346777.0,368.0
1711145616.0,369.0
1407130562.0,371.0
1410120234.0,372.0
1102046872.0,373.0
1103252327.0,374.0
1103250283.0,375.0
1106146436.0,376.0
1403148298.0,377.0
1409209995.0,378.0
1503179866.0,379.0
1705331370.0,380.0
1701058347.0,381.0
1011180598.0,382.0
2001011644.0,383.0
2001057432.0,384.0
,385.0
1804216610.0,386.0
1901236436.0,387.0
2101219192.0,388.0
1804171691.0,389.0
810192808.0,390.0
,391.0
612087207.0,392.0
910087420.0,393.0
1704197953.0,394.0
1807389970.0,395.0
1501167179.0,396.0
1610239884.0,397.0
1505159440.0,398.0
906144659.0,399.0
1307276191.0,400.0
1501096779.0,401.0
1804263984.0,402.0
1804306918.0,403.0
1901388859.0,404.0
2002010527.0,405.0
2102231943.0,406.0
2201352522.0,407.0
1708140823.0,409.0
1408239243.0,410.0
908146977.0,412.0
909023019.0,411.0
1103289535.0,413.0
2107257640.0,414.0
1407348242.0,415.0
1105074704.0,416.0
908212504.0,417.0
1508183455.0,418.0
2005337720.0,419.0
2210225676.0,420.0
1703048594.0,421.0
1802049507.0,422.0
1902249408.0,423.0
801001114.0,424.0
,425.0
907145105.0,426.0
1706328053.0,427.0
1907340004.0,428.0
1907343141.0,428.0
801154392.0,430.0
801166284.0,429.0
1009049720.0,431.0
1009068413.0,431.0
1305180845.0,432.0
1301251362.0,434.0
803017230.0,435.0
806123880.0,436.0
1512351349.0,437.0
901189096.0,438.0
2109298535.0,439.0
2208130229.0,440.0
1507270938.0,441.0
1707290429.0,442.0
1301178945.0,443.0
1302195136.0,444.0
1502183561.0,445.0
1802006665.0,446.0
1812177125.0,447.0
1604155615.0,448.0
1704106888.0,449.0
1704107977.0,449.0
1307136725.0,450.0
709149438.0,451.0
708097364.0,452.0
2004016970.0,453.0
1704366184.0,454.0
2011410510.0,455.0
2108260278.0,456.0
1106144386.0,457.0
1607262157.0,458.0
,459.0
1312295624.0,460.0
,461.0
1805151604.0,462.0
1012244557.0,463.0
1208028217.0,464.0
1407366346.0,465.0
801065715.0,466.0
2112082385.0,467.0
1511084453.0,468.0
1608151018.0,469.0
1611076054.0,470.0
908102338.0,471.0
,472.0
712128496.0,473.0
1802009396.0,474.0
1806160569.0,475.0
903178910.0,476.0
1611079135.0,477.0
1808218857.0,478.0
1405008034.0,479.0
1302243386.0,480.0
1202079924.0,481.0
1607365434.0,482.0
1407296660.0,483.0
1706328019.0,484.0
1812008458.0,485.0
1909425234.0,486.0
1910455893.0,487.0
1201052639.0,488.0
1904067400.0,489.0
1904072468.0,489.0
1506006080.0,490.0
1607303519.0,491.0
1402072708.0,492.0
2005206952.0,493.0
1108241773.0,494.0
,495.0
1202015276.0,497.0
1202013845.0,497.0
1607208019.0,498.0
1309060556.0,499.0
906227849.0,500.0
1605057954.0,501.0
1707092172.0,502.0
1808026514.0,503.0
1809093615.0,504.0
2006030020.0,505.0
2104446225.0,506.0
1609275743.0,507.0
2105313504.0,508.0
2010199695.0,509.0
2108483259.0,510.0
807086765.0,511.0
612166597.0,512.0
2201409747.0,513.0
,514.0
1012271301.0,515.0
1012269715.0,515.0
1112276147.0,516.0
1501253792.0,517.0
2202222339.0,518.0
810184292.0,519.0
1705028954.0,520.0
1003076569.0,521.0
2106191072.0,522.0
2109207699.0,523.0
2211571702.0,524.0
1802121749.0,525.0
812038524.0,526.0
1805151617.0,527.0
1112138610.0,528.0
1911337195.0,529.0
1911332937.0,529.0
1305021639.0,530.0
2012154668.0,531.0
2209432935.0,532.0
803119850.0,533.0
1810146241.0,534.0
1908442611.0,535.0
2110001767.0,536.0
2208389147.0,537.0
1205243678.0,538.0
1205244409.0,538.0
1104044805.0,539.0
1903317291.0,540.0
1808329575.0,541.0
906192013.0,542.0
606103995.0,543.0
1701281412.0,544.0
1807273137.0,545.0
1908001657.0,546.0
2008269752.0,547.0
1908055878.0,548.0
2008175189.0,549.0
2108122296.0,550.0
2208026966.0,551.0
1701074764.0,552.0
,553.0
2109207696.0,554.0
1309244666.0,555.0
,556.0
703103444.0,557.0
1805111818.0,558.0
1901341719.0,559.0
2109401443.0,560.0
1310165040.0,561.0
1607300087.0,562.0
2101239609.0,563.0
801186048.0,564.0
901144459.0,565.0
1303221860.0,566.0
1212051007.0,567.0
1811107831.0,568.0
2208416203.0,569.0
1206212974.0,570.0
1206213695.0,570.0
2107066014.0,571.0
2109401460.0,572.0
1708041873.0,573.0
1910402490.0,574.0
1601100568.0,575.0
1712428813.0,576.0
1512077036.0,577.0
1604348772.0,578.0
1802104605.0,579.0
1602215851.0,580.0
1708266998.0,581.0
1406207170.0,582.0
1707018325.0,583.0
902076728.0,584.0
2103092408.0,585.0
902013576.0,586.0
1803305268.0,587.0
903018307.0,588.0
1207132386.0,589.0
1207131679.0,589.0
1209156952.0,590.0
1604075834.0,591.0
1912378859.0,592.0
1512127215.0,593.0
1706328161.0,594.0
1808130996.0,595.0
1706048386.0,596.0
2008269761.0,597.0
1901175408.0,598.0
2101197726.0,599.0
2201153163.0,600.0
806161935.0,601.0
1011107616.0,602.0
1404183026.0,603.0
1903372147.0,604.0
2111134064.0,605.0
1610092954.0,606.0
1001222661.0,607.0
1606315992.0,608.0
1902142358.0,609.0
2101175977.0,610.0
2201383838.0,611.0
1403284885.0,612.0
1705233589.0,613.0
2001062238.0,614.0
1108051107.0,615.0
1607281246.0,616.0
1311082890.0,617.0
1807169153.0,618.0
1711284474.0,619.0
712099478.0,620.0
1912425716.0,621.0
1802121746.0,622.0
2209060503.0,623.0
1606369250.0,624.0
1705137461.0,625.0
1703115197.0,626.0
1204107648.0,627.0
1811107806.0,628.0
1507130288.0,629.0
1209058375.0,630.0
1610260265.0,631.0
1707412786.0,632.0
1908054228.0,633.0
2008175204.0,634.0
1008024658.0,635.0
1503154636.0,636.0
1801049624.0,637.0
2102231934.0,638.0
1702303819.0,639.0
1709389185.0,640.0
1710338703.0,641.0
1910246144.0,642.0
1911223562.0,643.0
1408025998.0,644.0
1801153364.0,645.0
2002171424.0,646.0
1308137316.0,647.0
1608146842.0,648.0
1706384220.0,649.0
1908116579.0,650.0
2101299907.0,651.0
2208048661.0,652.0
1506079769.0,653.0
1803349454.0,654.0
1410097143.0,655.0
1904318850.0,656.0
1202015064.0,657.0
811032130.0,658.0
1709385340.0,659.0
1707386993.0,660.0
1901023301.0,661.0
903184405.0,662.0
906181416.0,663.0
1404296895.0,664.0
1701106244.0,666.0
1808218863.0,667.0
2008215885.0,668.0
1304132654.0,669.0
1702020902.0,670.0
1903185332.0,671.0
2001425701.0,672.0
1903304166.0,673.0
1410043933.0,675.0
1412118133.0,676.0
1905397628.0,677.0
1308223368.0,678.0
1508010717.0,679.0
810074938.0,681.0
2204150360.0,682.0
1111146090.0,683.0
1307210868.0,684.0
1212244719.0,685.0
1701283053.0,686.0
1707075007.0,687.0
2206004681.0,688.0
1802292106.0,689.0
,690.0
,691.0
2003151484.0,692.0
2001422356.0,693.0
1012086774.0,694.0
2002283960.0,695.0
2101279556.0,696.0
2207473556.0,697.0
2011345357.0,698.0
1612394138.0,699.0
2011229919.0,700.0
1405137022.0,701.0
1307290487.0,702.0
2003262225.0,703.0
1208081595.0,704.0
2206194725.0,705.0
1506249540.0,706.0
1504197242.0,707.0
1608163496.0,708.0
1708140926.0,709.0
1807330759.0,710.0
2002009315.0,711.0
,712.0
,713.0
1601012527.0,714.0
1801401282.0,715.0
1901129518.0,716.0
2004343162.0,717.0
1301178840.0,718.0
1301180129.0,718.0
1707092150.0,719.0
1804172946.0,720.0
1610279697.0,721.0
2012458890.0,722.0
802021976.0,723.0
802039066.0,724.0
1605007769.0,725.0
1802275893.0,726.0
1509252650.0,727.0
1907417383.0,729.0
1401102445.0,730.0
2202227571.0,731.0
2107298814.0,732.0
1408007313.0,733.0
1510005474.0,734.0
1411327747.0,735.0
2108251932.0,736.0
1401088251.0,737.0
1908119968.0,738.0
1010236032.0,739.0
808192798.0,740.0
2204340758.0,741.0
1406223836.0,742.0
1411062014.0,743.0
1302218016.0,744.0
1007061170.0,745.0
1202067691.0,746.0
1609135300.0,747.0
1606276198.0,748.0
2009258869.0,749.0
1212132626.0,750.0
1605166073.0,751.0
1711394361.0,752.0
1901341728.0,753.0
1105073436.0,754.0
2105024206.0,755.0
1501026342.0,756.0
1210047999.0,757.0
1710005537.0,758.0
2006126990.0,759.0
1309066018.0,760.0
1012151161.0,761.0
2211369760.0,762.0
1905180917.0,763.0
1904397645.0,764.0
2002111272.0,765.0
1703194500.0,766.0
1810049977.0,767.0
2002088472.0,768.0
2202080605.0,769.0
1201221894.0,771.0
,772.0
805003022.0,773.0
1007151425.0,774.0
908093106.0,775.0
1802215491.0,776.0
1806151009.0,777.0
1112070163.0,778.0
1910128751.0,779.0
2201257367.0,780.0
1202081027.0,781.0
1901341743.0,782.0
,783.0
1911387440.0,784.0
2101175983.0,785.0
1205158669.0,786.0
1906320719.0,787.0
1910036694.0,788.0
2010199701.0,789.0
2112181115.0,790.0
1607279184.0,791.0
807057760.0,792.0
1101217426.0,793.0
1611327561.0,794.0
907167492.0,795.0
1801257043.0,797.0
2203243576.0,798.0
1311241057.0,799.0
1402053898.0,800.0
1810049924.0,801.0
1604029189.0,803.0
1907417369.0,804.0
2008132799.0,805.0
1610151550.0,806.0
,807.0
1205103620.0,808.0
1805213964.0,809.0
1902001198.0,810.0
1001222715.0,811.0
2001014580.0,812.0
909104238.0,814.0
909142873.0,813.0
1807433401.0,815.0
1803350994.0,816.0
1902034067.0,817.0
2208048643.0,818.0
,819.0
911122880.0,820.0
1206200274.0,821.0
1703324268.0,822.0
1707173643.0,823.0
1309193889.0,824.0
1007009311.0,825.0
2108092655.0,826.0
1807384849.0,827.0
1807396189.0,827.0
811183174.0,828.0
1001075095.0,829.0
1007184656.0,830.0
1102194666.0,831.0
1809231743.0,832.0
2006387771.0,833.0
1002206691.0,834.0
2101009288.0,835.0
1807066773.0,836.0
910095303.0,837.0
,838.0
604152930.0,839.0
,840.0
1606038278.0,841.0
1811270794.0,842.0
2002283965.0,843.0
2002290605.0,843.0
1004010328.0,844.0
1103039634.0,845.0
1103056115.0,846.0
804070969.0,847.0
1303187282.0,848.0
1601065274.0,849.0
1512059479.0,850.0
1206159924.0,851.0
,852.0
1804013752.0,853.0
1805021408.0,854.0
1807110262.0,855.0
1406043922.0,856.0
1303147282.0,857.0
1303144025.0,857.0
1111146065.0,858.0
1111147886.0,858.0
2008068863.0,859.0
1112260317.0,860.0
1508075752.0,861.0
1706400055.0,862.0
1107141024.0,863.0
2002111347.0,864.0
2101134919.0,865.0
1801151501.0,866.0
1812282909.0,867.0
1812375769.0,868.0
1901360875.0,869.0
1305230589.0,870.0
1810145804.0,871.0
607157769.0,872.0
2110423997.0,873.0
1204188460.0,874.0
1508233168.0,875.0
1606315955.0,876.0
1609340910.0,877.0
807057755.0,878.0
1501010021.0,879.0
1501012129.0,879.0
,880.0
1609322819.0,881.0
1602238654.0,882.0
1808218800.0,883.0
1211220621.0,884.0
1011121598.0,885.0
2005099683.0,886.0
2102001980.0,887.0
2206515416.0,888.0
1804171624.0,889.0
1909274675.0,890.0
2108279411.0,891.0
1704362415.0,892.0
1807389880.0,893.0
2207190271.0,894.0
1605079919.0,895.0
2002010570.0,896.0
2012374550.0,897.0
2107364279.0,898.0
1901147803.0,899.0
1809126718.0,900.0
2102171051.0,901.0
1709031520.0,902.0
2006237313.0,903.0
1008207648.0,904.0
1008201020.0,904.0
2112459664.0,905.0
1011155890.0,906.0
1603065649.0,907.0
1605059934.0,908.0
1412014279.0,909.0
,910.0
1402301318.0,911.0
1508182265.0,913.0
1904068571.0,914.0
2004323954.0,915.0
2208002654.0,916.0
1905107581.0,917.0
1910403982.0,918.0
2101345503.0,919.0
1206003397.0,920.0
,921.0
1601015438.0,922.0
1611176583.0,923.0
1807435714.0,924.0
2105135854.0,925.0
1007061169.0,926.0
1410328934.0,927.0
1507368785.0,928.0
1507371410.0,928.0
1008240441.0,929.0
1404031528.0,930.0
807189481.0,931.0
1508095746.0,932.0
1708153871.0,933.0
1808124918.0,934.0
1907296080.0,935.0
909212382.0,936.0
1707117251.0,937.0
1901453658.0,938.0
1102181976.0,939.0
1404215186.0,940.0
709159189.0,941.0
810056285.0,942.0
1605219064.0,943.0
1407321818.0,944.0
1503055567.0,945.0
1701149569.0,946.0
1902249406.0,947.0
2002073440.0,948.0
805015451.0,949.0
2008233118.0,950.0
1510303970.0,951.0
809021515.0,952.0
,953.0
1408093000.0,954.0
904145160.0,955.0
905185912.0,956.0
905219983.0,957.0
908028329.0,958.0
908216447.0,960.0
910047276.0,959.0
1003254013.0,961.0
,962.0
,963.0
,965.0
1309156316.0,964.0
1308013901.0,966.0
1703046327.0,967.0
1803323775.0,968.0
1804409934.0,969.0
1902369070.0,970.0
2012398502.0,971.0
1902142361.0,972.0
2101175987.0,973.0
2201153156.0,974.0
1608232775.0,975.0
1902372285.0,976.0
1011027247.0,977.0
1011031442.0,977.0
1404198392.0,978.0
1611228957.0,979.0
,980.0
1501080953.0,981.0
1901341730.0,982.0
2002073422.0,983.0
2101088457.0,984.0
2205121970.0,985.0
1912424254.0,986.0
2208416065.0,987.0
1902371573.0,988.0
1810093367.0,989.0
2010361614.0,990.0
,991.0
1106063104.0,992.0
1509225555.0,993.0
901117202.0,994.0
1903185337.0,995.0
1501026308.0,996.0
1701244427.0,997.0
2001140264.0,998.0
1401180126.0,999.0
1312116546.0,1000.0
,1001.0
1408251677.0,1002.0
1503329323.0,1003.0
1409191407.0,1004.0
1609272988.0,1005.0
1309243874.0,1006.0
2209080903.0,1007.0
809029470.0,1008.0
1406245935.0,1009.0
1907404141.0,1010.0
1911299777.0,1011.0
2012176329.0,1012.0
1809177360.0,1013.0
1908001690.0,1014.0
2008195824.0,1015.0
2107298808.0,1016.0
1401243056.0,1017.0
2201309432.0,1018.0
1409295468.0,1019.0
1608009633.0,1020.0
1710081696.0,1021.0
907233739.0,1022.0
1208295333.0,1023.0
1701056616.0,1024.0
1905256179.0,1025.0
1604090776.0,1026.0
1707215795.0,1027.0
801065607.0,1028.0
1907182433.0,1029.0
1803305168.0,1030.0
1803307475.0,1030.0
2101345495.0,1031.0
1504124957.0,1032.0
1607365424.0,1033.0
1705210074.0,1034.0
1807434952.0,1035.0
1312146693.0,1036.0
1606200835.0,1037.0
1605146741.0,1038.0
1902001483.0,1039.0
1901264184.0,1040.0
1901266236.0,1040.0
1811004773.0,1041.0
1807292630.0,1042.0
2202107342.0,1043.0
1810093340.0,1044.0
1811110974.0,1045.0
1808260365.0,1046.0
1806371036.0,1047.0
1808371273.0,1048.0
2207345691.0,1049.0
2108361454.0,1050.0
,1051.0
2201479254.0,1052.0
2001257680.0,1053.0
2103336761.0,1054.0
1905305681.0,1055.0
1901127464.0,1056.0
1901359687.0,1057.0
2008215883.0,1058.0
2203004583.0,1059.0
2105093187.0,1060.0
2104064208.0,1061.0
2107065996.0,1062.0
2107076569.0,1062.0
2207190155.0,1063.0
2010133329.0,1064.0
1902367328.0,1065.0
1912132372.0,1066.0
2106105791.0,1067.0
1811453966.0,1068.0
1811358763.0,1069.0
2208002621.0,1070.0
1811453919.0,1071.0
1901147801.0,1072.0
2004224900.0,1073.0
2208048640.0,1074.0
1901127492.0,1075.0
2102124660.0,1076.0
2207448086.0,1077.0
1901153284.0,1078.0
2004073375.0,1079.0
2008233131.0,1080.0
2105179924.0,1081.0
1901255032.0,1082.0
1901341725.0,1083.0
1908120770.0,1084.0
2108028173.0,1085.0
2208173620.0,1086.0
1905144776.0,1087.0
2001008863.0,1089.0
1903206505.0,1090.0
2008025311.0,1091.0
1903016917.0,1092.0
1912345247.0,1093.0
1908118527.0,1094.0
1903408065.0,1095.0
1902370048.0,1096.0
1911026190.0,1097.0
1903338947.0,1098.0
1903349778.0,1098.0
2006187358.0,1099.0
1905426659.0,1100.0
2006299965.0,1101.0
1904042461.0,1102.0
1904086143.0,1103.0
2001437277.0,1104.0
2010339046.0,1105.0
1904167957.0,1106.0
2008132789.0,1107.0
2108361437.0,1108.0
1905284425.0,1109.0
1904419454.0,1110.0
2010427884.0,1111.0
1908136876.0,1112.0
2001291208.0,1113.0
1905098801.0,1114.0
1905431997.0,1115.0
1907179701.0,1116.0
1905367208.0,1117.0
1905369974.0,1118.0
1906102335.0,1119.0
2102301118.0,1120.0
1912251784.0,1121.0
1912270170.0,1122.0
1909378454.0,1123.0
2110424006.0,1124.0
1906262915.0,1125.0
2006436266.0,1126.0
1907071681.0,1127.0
2001416851.0,1128.0
1906323204.0,1129.0
2009239536.0,1130.0
1911267695.0,1131.0
1908255049.0,1132.0
1907118985.0,1133.0
1910473550.0,1134.0
1907407226.0,1135.0
2010177887.0,1136.0
1908428954.0,1137.0
2007043210.0,1138.0
1909074632.0,1139.0
1909128096.0,1140.0
1909122258.0,1140.0
2001336250.0,1141.0
2002252653.0,1142.0
2001237092.0,1143.0
1909278162.0,1144.0
1909006592.0,1145.0
1909124654.0,1146.0
2010199684.0,1147.0
1909398512.0,1148.0
2002187199.0,1149.0
2103423184.0,1150.0
1909256247.0,1151.0
2001177195.0,1152.0
1911152461.0,1153.0
2005314745.0,1154.0
2107277414.0,1155.0
2204169028.0,1156.0
2211158311.0,1157.0
1912099695.0,1158.0
1911032247.0,1159.0
2103137980.0,1160.0
2203176003.0,1161.0
1911219502.0,1162.0
1912227811.0,1163.0
1911034663.0,1164.0
1911048158.0,1165.0
1912010333.0,1166.0
1912013243.0,1167.0
2002111313.0,1168.0
2110029638.0,1169.0
2201132532.0,1170.0
1912324595.0,1171.0
2102340901.0,1172.0
1912475201.0,1173.0
2101114086.0,1174.0
2201132522.0,1175.0
2208276665.0,1176.0
2001355830.0,1177.0
2004323936.0,1178.0
2001288824.0,1179.0
2002073465.0,1180.0
2003322792.0,1181.0
2004073359.0,1182.0
2004030647.0,1183.0
2004226206.0,1184.0
2003368354.0,1185.0
2004053473.0,1186.0
2104021297.0,1187.0
2004185504.0,1188.0
2208150383.0,1189.0
2004241572.0,1190.0
2007420239.0,1191.0
2211105411.0,1192.0
2005388556.0,1193.0
2005375431.0,1193.0
2006163666.0,1194.0
2007199404.0,1195.0
2108025517.0,1196.0
2208018599.0,1197.0
2211013862.0,1198.0
2009163916.0,1199.0
2108144738.0,1200.0
2207477753.0,1201.0
2008008278.0,1202.0
2011136414.0,1203.0
2012214393.0,1204.0
2112359624.0,1205.0
2108096078.0,1206.0
2108144764.0,1207.0
2009107257.0,1208.0
2009026298.0,1209.0
2108361413.0,1210.0
2208002706.0,1211.0
2009296782.0,1212.0
2207427053.0,1213.0
2011229941.0,1214.0
2009362954.0,1215.0
2009217150.0,1216.0
2012311328.0,1217.0
2010339029.0,1218.0
2009341798.0,1219.0
2101029743.0,1220.0
2208149776.0,1221.0
2011318269.0,1222.0
2103269768.0,1223.0
2101155643.0,1224.0
2101134903.0,1225.0
2204050356.0,1226.0
2010224227.0,1227.0
2101219199.0,1228.0
2010224234.0,1229.0
2011071134.0,1230.0
2201007130.0,1231.0
2101114132.0,1232.0
2208149802.0,1233.0
2011296788.0,1234.0
2104238129.0,1235.0
2011017669.0,1236.0
2109343200.0,1237.0
2011366799.0,1238.0
2110499674.0,1239.0
2101088458.0,1240.0
2101093345.0,1240.0
2102020413.0,1241.0
2201352516.0,1242.0
2101069085.0,1243.0
2012154674.0,1244.0
2201352530.0,1245.0
2012200412.0,1246.0
2111283257.0,1247.0
2106406983.0,1248.0
2101134906.0,1249.0
2012439730.0,1250.0
2101134916.0,1251.0
2101239597.0,1252.0
2207473586.0,1253.0
2101409575.0,1254.0
2102364624.0,1255.0
2103399829.0,1256.0
2102191052.0,1257.0
2102191060.0,1258.0
2201278009.0,1259.0
2103004498.0,1260.0
2102231940.0,1261.0
2201277998.0,1262.0
2206080944.0,1263.0
2103207329.0,1264.0
2103227252.0,1265.0
2205331141.0,1266.0
2103336757.0,1267.0
2202320715.0,1268.0
2105093173.0,1269.0
2104128927.0,1270.0
2208389129.0,1271.0
2104280628.0,1272.0
2204027215.0,1273.0
2104365453.0,1274.0
2104341885.0,1275.0
2108144746.0,1276.0
2109343193.0,1277.0
2106105764.0,1278.0
2106298681.0,1279.0
2106212950.0,1280.0
2107407019.0,1281.0
2108383059.0,1282.0
2108144759.0,1283.0
2107380533.0,1284.0
2207190233.0,1285.0
2108331474.0,1286.0
2108096072.0,1287.0
2108287081.0,1288.0
2201409734.0,1289.0
2108472502.0,1290.0
2202348261.0,1291.0
2203004107.0,1292.0
2109076001.0,1293.0
2207358582.0,1294.0
2109102142.0,1295.0
2110048879.0,1296.0
2111003491.0,1297.0
2201383883.0,1298.0
2111079597.0,1299.0
2111395070.0,1300.0
2112082388.0,1301.0
2201278019.0,1302.0
2201007109.0,1303.0
2202227564.0,1304.0
2204288809.0,1305.0
2201374907.0,1306.0
2206027973.0,1307.0
2202320701.0,1308.0
2202107305.0,1309.0
2203074850.0,1310.0
2203074875.0,1311.0
2211105427.0,1312.0
2209060506.0,1313.0
2203175951.0,1314.0
2208026133.0,1315.0
2203243194.0,1316.0
2203289565.0,1317.0
2205104832.0,1318.0
2205104589.0,1319.0
2205066435.0,1320.0
2205078162.0,1321.0
2207427084.0,1322.0
2209416483.0,1323.0
2205487704.0,1324.0
2206171077.0,1325.0
2208002644.0,1326.0
2207056059.0,1327.0
2206386176.0,1328.0
2207297534.0,1329.0
2208256858.0,1330.0
2208491898.0,1331.0
2207477861.0,1332.0
2207491277.0,1332.0
2208173895.0,1333.0
2208256818.0,1334.0
2208269672.0,1334.0
2208280697.0,1335.0
2209274242.0,1336.0
2209165666.0,1337.0
2209105936.0,1338.0
2209322804.0,1339.0
2209428177.0,1340.0
2211369746.0,1341.0
2209422144.0,1342.0
2209405687.0,1343.0
2211262926.0,1344.0
2211053102.0,1345.0
2211342302.0,1346.0
2211384204.0,1347.0
2211105286.0,1348.0
2211262905.0,1349.0
2211154427.0,1350.0
